85
88
88
88
88
85
88
85
85
88
88
88
88
88
88
88
85
85
85
85
85
85
85
85
85
85
88
85
85
88
88
85
88
88
54
53
53
52
53
51
52
54
55
56
56
56
56
56
56
53
51
51
51
51
52
55
55
54
54
55
54
54
54
53
52
51
50
51
52
52
54
53
52
51
51
52
53
54
53
53
52
54
52
50
50
49
49
48
50
51
51
50
48
47
48
51
52
53
54
55
56
52
48
44
42
40
47
44
44
46
43
42
43
44
44
43
43
44
44
44
44
43
42
43
43
44
44
45
48
49
49
48
47
50
51
52
57
55
53
59
51
51
58
62
56
53
52
56
52
52
58
55
58
56
57
61
61
61
63
64
75
60
57
55
55
52
49
50
48
46
47
49
48
48
47
50
51
47
46
44
47
47
48
48
48
50
50
50
47
45
44
46
45
46
47
48
50
51
51
52
59
55
55
54
52
51
50
49
48
47
45
44
44
44
44
44
40
43
44
43
44
43
44
43
44
44
44
41
42
44
45
48
49
49
50
51
51
52
53
56
66
60
58
56
56
56
57
59
60
65
67
65
57
60
53
52
51
49
48
47
47
47
48
50
52
55
56
56
54
52
51
51
53
54
53
53
54
54
56
58
61
62
60
60
49
47
47
46
46
45
44
44
44
43
42
42
41
41
41
41
41
41
41
41
41
41
42
42
42
42
42
42
42
42
42
42
42
42
42
42
42
42
42
42
44
44
43
41
39
40
44
49
46
44
47
46
43
43
44
44
42
43
41
42
41
40
40
40
41
41
40
43
42
39
39
42
36
35
41
44
40
39
36
34
37
38
37
35
37
36
37
36
38
38
39
39
38
40
41
41
42
43
42
43
43
44
44
47
46
47
45
44
44
44
44
46
44
46
48
46
45
48
52
47
46
46
48
50
52
53
56
57
61
60
58
55
55
58
56
56
54
53
57
59
56
59
60
59
57
57
57
58
57
58
58
59
64
75
68
70
66
66
71
69
68
71
66
67
66
66
67
65
64
66
62
63
64
69
72
64
67
66
66
62
63
66
63
62
62
63
64
66
66
63
63
64
63
62
62
62
61
60
62
66
66
64
64
67
65
63
63
62
63
64
64
66
66
64
63
62
63
65
64
64
63
64
64
65
67
66
66
66
66
66
66
66
68
65
64
64
66
68
67
66
66
66
67
66
66
68
66
64
65
67
76
75
77
73
80
77
75
71
71
69
70
70
70
72
72
71
73
71
73
73
71
73
75
70
70
73
76
77
74
74
71
71
73
73
71
73
74
73
74
74
75
74
73
74
73
72
73
77
77
82
85
77
74
73
71
73
75
75
73
72
71
72
74
75
74
79
77
75
75
77
76
75
79
80
79
73
71
70
70
72
73
70
70
69
70
71
69
70
71
69
71
71
77
80
72
73
71
73
73
77
82
82
85
79
77
73
71
68
67
68
70
72
72
73
72
75
76
71
67
64
66
66
68
69
71
71
72
69
69
68
65
63
63
63
64
63
63
63
62
62
60
60
61
62
61
59
60
60
63
65
66
69
67
68
68
64
64
66
66
66
65
66
67
67
68
68
70
74
73
69
67
67
67
68
67
66
66
66
66
66
66
66
66
67
69
70
67
66
63
62
60
60
59
59
59
60
62
62
63
64
63
65
66
66
65
66
67
66
65
66
67
66
66
66
63
62
64
66
69
68
64
62
65
67
69
66
63
66
66
64
62
64
67
64
63
64
62
61
64
63
63
62
63
66
64
63
63
63
61
61
62
62
62
62
64
63
63
63
64
63
63
62
62
63
62
64
63
63
63
62
64
63
64
63
63
63
63
63
63
63
63
63
62
63
63
63
63
63
63
63
64
63
63
63
63
63
63
63
62
63
62
63
63
63
63
63
63
63
63
63
63
63
63
63
63
63
63
63
63
63
64
63
64
63
63
63
64
64
64
64
63
63
63
63
63
64
64
64
64
64
63
64
65
66
65
64
64
64
65
64
64
64
65
64
65
64
66
65
64
66
66
64
64
64
64
64
64
63
64
64
64
64
64
63
63
63
63
63
63
63
63
62
63
64
64
63
63
64
64
64
63
63
64
64
64
63
64
64
64
64
65
65
63
64
63
63
63
67
68
68
71
61
60
59
64
69
80
77
69
85
66
68
73
69
69
76
69
67
73
75
69
71
73
68
67
75
80
80
75
76
74
72
73
82
74
79
80
75
74
74
73
73
75
76
75
76
79
85
82
85
79
85
76
79
79
79
75
73
75
82
82
76
82
76
77
74
82
80
88
80
82
82
88
88
82
85
88
85
82
79
79
85
79
80
82
80
82
85
85
88
88
85
85
88
82
88
85
88
82
85
85
85
88
73
75
73
74
75
75
75
75
76
74
75
74
73
74
74
76
77
74
71
74
70
73
73
73
73
73
72
73
74
72
73
75
74
74
71
74
75
75
73
74
73
73
73
71
70
71
71
71
72
74
71
72
71
71
73
72
72
72
71
71
71
71
71
70
70
71
70
70
71
74
71
73
71
70
71
72
72
71
71
73
73
71
70
71
72
72
71
72
72
72
73
72
72
73
73
72
73
72
73
73
73
71
71
71
72
72
72
73
72
73
73
73
72
72
72
73
72
72
72
72
73
73
71
73
73
71
72
72
73
72
73
73
73
73
73
73
73
72
73
71
72
73
73
73
73
72
72
73
72
73
73
73
72
73
73
72
72
73
73
73
73
72
71
71
72
73
72
73
74
73
73
73
72
73
73
73
73
72
73
73
73
72
72
73
72
72
73
72
72
72
72
73
73
73
72
71
73
73
73
72
72
73
74
72
72
72
73
72
73
73
73
72
72
71
72
71
72
73
72
73
72
72
73
73
72
73
73
73
74
73
73
73
73
73
72
73
72
73
73
73
73
73
73
73
73
73
73
73
73
72
72
72
73
73
72
73
72
73
73
73
72
73
73
73
73
74
73
73
72
73
73
72
73
72
73
73
73
73
73
72
72
73
73
73
73
73
73
73
74
73
73
73
73
73
72
73
73
72
72
73
73
73
73
72
72
71
71
72
73
73
73
72
71
72
73
72
73
73
72
73
73
72
72
72
72
72
72
72
73
73
73
73
72
72
72
73
71
72
72
73
72
72
72
71
71
72
71
71
73
72
72
72
73
71
72
73
73
73
70
71
71
71
71
71
70
71
72
71
71
71
70
71
73
71
70
71
70
68
70
73
70
71
71
71
71
72
73
73
71
71
71
70
71
70
70
71
71
71
71
