63
63
63
63
63
63
63
63
63
63
63
63
63
63
63
63
63
63
63
64
64
64
64
64
64
64
64
64
64
64
64
64
64
64
64
64
64
64
64
64
64
64
64
64
66
66
65
64
64
64
66
66
67
66
66
65
65
65
65
65
65
65
66
66
66
66
66
66
66
66
66
66
66
66
66
66
66
66
66
66
65
65
65
66
65
65
65
66
66
66
66
66
66
66
66
66
66
66
66
66
66
66
66
66
66
66
66
66
66
66
66
66
66
66
66
66
66
66
66
66
66
66
66
66
66
66
66
66
66
66
66
66
66
66
66
66
66
66
66
66
66
66
66
66
66
66
66
66
66
66
66
66
66
66
66
66
66
66
66
66
66
66
66
66
66
66
66
66
66
66
66
66
66
66
66
66
66
66
66
66
66
66
65
66
66
66
66
66
66
66
66
66
66
66
66
66
66
66
66
66
66
66
66
66
66
66
66
66
66
66
66
66
66
66
66
66
66
66
66
66
66
66
66
66
66
66
66
66
66
66
66
66
66
66
66
66
66
66
66
66
66
66
66
66
66
66
66
66
65
66
66
66
65
66
65
65
65
65
65
65
65
65
65
65
65
65
65
65
65
65
65
65
65
65
65
65
66
66
65
65
66
66
65
66
66
66
66
66
66
66
66
66
66
66
66
66
66
66
66
66
66
66
66
66
66
66
66
66
66
65
65
65
65
65
65
65
65
65
65
65
65
65
66
65
65
65
65
65
65
65
65
65
65
65
65
65
65
66
65
66
66
66
65
66
66
66
66
66
66
66
66
66
66
66
66
66
66
66
66
66
66
66
66
66
66
66
66
66
66
66
66
66
66
66
66
66
66
66
66
66
66
66
66
66
66
66
66
66
66
66
66
66
66
66
66
66
66
66
66
66
66
66
66
66
66
66
66
66
66
66
66
66
66
66
66
66
66
66
66
66
67
69
71
70
69
69
69
69
69
70
70
70
70
70
70
70
70
70
69
69
69
69
68
67
67
66
66
67
67
67
66
67
67
67
66
66
66
66
66
66
66
66
66
66
65
65
65
65
66
66
66
66
66
66
66
67
66
64
63
63
64
65
64
64
64
64
64
64
63
63
63
63
63
64
63
63
64
64
64
64
64
64
64
64
64
63
63
63
63
63
52
51
51
51
51
51
52
51
51
51
50
49
48
48
50
51
51
51
51
50
50
51
53
51
51
51
51
51
50
50
51
52
51
51
51
50
50
50
50
50
50
50
50
50
50
50
50
50
50
50
50
50
50
49
49
49
49
48
49
49
50
50
50
50
50
50
50
50
50
50
51
50
50
51
51
51
51
50
51
51
51
50
51
52
52
52
51
50
50
51
51
50
51
50
50
51
50
50
51
51
51
51
51
51
51
52
52
51
51
51
51
51
50
50
50
51
51
51
52
51
51
51
51
51
51
50
51
50
50
51
51
51
51
50
50
50
50
50
50
50
50
51
51
51
51
51
51
52
52
52
53
53
53
53
53
53
53
53
53
54
54
54
54
54
54
54
54
54
54
54
54
54
54
54
54
54
54
54
54
54
54
55
55
55
55
55
56
58
59
60
59
58
56
56
54
53
51
50
50
50
51
53
55
54
52
50
48
47
47
47
47
48
48
48
48
48
49
51
52
56
60
59
55
52
51
50
49
48
48
48
48
48
48
48
48
48
49
49
50
53
55
58
59
56
53
52
51
50
50
50
51
52
55
58
62
66
63
60
59
58
58
58
59
59
58
56
56
55
55
56
54
52
52
55
60
62
57
55
56
58
62
63
63
62
64
67
71
67
60
60
60
64
70
64
62
62
65
67
65
63
62
58
56
55
56
57
59
61
64
66
66
63
60
58
59
63
70
62
59
57
56
56
56
57
59
59
61
60
57
55
54
54
54
54
55
55
56
58
60
62
62
60
60
60
62
66
71
65
62
60
61
61
64
69
70
67
63
59
58
59
60
66
77
66
63
67
73
71
69
67
66
67
70
70
69
70
70
67
66
66
70
72
71
68
67
69
73
79
77
70
64
61
59
59
58
57
57
59
62
64
63
63
66
75
80
71
66
64
63
65
66
62
59
57
57
58
59
61
61
60
59
59
59
60
63
66
66
60
56
55
56
58
59
58
57
59
65
69
60
59
60
61
63
63
63
66
63
59
58
58
59
61
68
77
75
69
66
62
60
60
60
61
63
67
76
73
63
60
58
56
56
56
56
57
58
59
59
62
63
64
69
72
73
71
71
71
68
63
62
63
63
63
62
64
62
63
61
60
63
63
63
62
62
63
63
61
63
60
61
61
59
60
60
60
60
60
61
59
60
61
60
59
61
60
60
62
62
61
60
60
60
60
61
61
61
60
61
63
62
62
62
62
60
61
60
60
60
62
60
60
60
61
60
60
60
60
59
59
59
59
60
59
59
59
60
61
60
61
62
64
63
63
64
62
61
60
62
63
63
63
62
61
61
61
60
60
61
61
61
60
60
60
60
60
61
62
61
61
62
63
63
62
62
62
63
64
66
64
61
61
61
60
60
62
62
62
62
61
61
61
62
62
62
62
61
61
61
61
62
62
61
62
63
62
63
63
62
62
62
64
63
60
60
60
62
60
61
63
62
60
61
60
61
64
63
60
59
59
59
60
59
60
61
60
60
60
61
62
62
63
63
63
63
63
63
63
64
63
63
64
64
63
63
64
62
61
65
63
60
64
64
63
63
62
63
63
62
62
62
62
62
62
61
61
62
62
62
60
61
62
62
62
62
62
62
61
61
62
62
62
62
61
60
62
63
65
64
63
63
63
64
64
64
64
64
64
62
60
62
62
62
62
62
60
61
60
61
61
62
63
63
62
61
59
60
62
63
61
60
60
60
60
60
60
60
60
60
59
59
59
59
59
59
59
59
59
60
59
60
